4294967279,532
4294967279,280
4294967278,369
4294967278,59
4294967278,58
4294967279,59
4294967279,58
4294967279,56
4294967279,38
4294967279,37
4294967279,36
4294967279,28
4294967294,30
4294967294,1167
4294967294,1166
4294967294,1164
4294967294,1163
4294967294,1158
4294967294,1019
4294967294,992
4294967294,990
4294967294,989
4294967294,988
4294967294,987
4294967294,60
4294967294,12
4294967294,11
4294967294,68
4294967279,575
4294967278,132
4294967278,327
4294967278,326
4294967278,130
4294967278,129
4294967278,324
4294967278,127
4294967278,255
4294967278,126
4294967278,377
4294967278,395
4294967278,252
4294967278,121
4294967278,249
4294967278,390
4294967278,119
4294967278,118
4294967278,117
4294967278,116
4294967278,319
4294967278,114
4294967278,370
4294967278,113
4294967278,112
4294967278,233
4294967278,111
4294967278,108
4294967278,107
4294967278,219
4294967278,104
4294967278,102
4294967278,101
4294967278,99
4294967278,98
4294967278,93
4294967278,91
4294967278,90
4294967278,89
4294967278,87
4294967278,85
4294967278,84
4294967278,83
4294967278,82
4294967278,78
4294967278,76
4294967278,72
4294967278,71
4294967278,68
4294967278,66
4294967278,63
4294967278,62
4294967278,174
4294967279,87
4294967279,85
4294967279,84
4294967279,79
4294967279,540
4294967279,68
4294967279,63
4294967279,54
4294967279,47
4294967279,32
4294967279,31
4294967279,29
4294967279,26
4294967279,22
4294967279,20
4294967279,19
4294967279,278
4294967279,15
4294967279,13
4294967279,11
4294967279,8
4294967279,274
4294967278,74
4294967278,388
4294967279,74
4294967279,326
4294967278,73
4294967278,387
4294967279,342
4294967279,66
4294967279,341
4294967278,65
4294967278,227
4294967279,60
4294967279,294
4294967278,163
4294967279,554
4294967278,158
4294967279,40
4294967294,1095
4294967279,545
249,7
4294967294,1001
4294967294,186
4294967294,1176
4294967294,0
4294967294,17
4294967294,99
4294967294,76
4294967279,39
4294967279,288
4294967294,389
4294967294,390
4294967294,115
4294967294,114
4294967294,120
4294967278,417
4294967278,416
4294967279,559
4294967294,396
4294967294,420
4294967294,407
4294967294,385
4294967294,167
4294967294,451
4294967294,397
4294967294,116
4294967294,471
4294967294,189
4294967279,286
4294967279,33
4294967279,345
249,6
249,5
249,4
0,7
249,3
249,2
249,1
4294967278,407
4294967278,291
4294967279,558
4294967294,1000
4294967294,2
4294967294,29
4294967294,89
4294967294,1
4294967294,1015
4294967294,1088
4294967294,190
4294967294,1008
4294967278,285
4294967294,107
4294967294,387
4294967294,46
4294967279,516
4294967278,331
4294967279,12
4294967279,339
4294967278,415
4294967278,348
4294967278,265
4294967278,328
246,5
4294967278,264
246,4
246,3
246,2
246,1
4294967278,286
4294967279,359
4294967279,0
4294967279,6
4294967294,424
4294967278,125
4294967294,40
4294967294,41
4294967294,38
4294967294,37
4294967278,396
4294967279,5
4294967294,42
4294967278,0
4294967294,419
4294967294,91
4294967294,90
4294967294,87
4294967294,86
4294967294,85
4294967294,84
4294967278,239
4294967279,4
4294967279,324
4294967294,45
4294967294,427
4294967294,44
4294967294,53
4294967294,1175
4294967294,1174
4294967294,1017
4294967294,28
4294967294,1018
4294967294,26
4294967294,36
4294967294,39
4294967278,131
4294967279,358
4294967279,316
4294967278,128
4294967294,94
4294967294,96
4294967279,314
4294967294,9
4294967278,321
4294967294,8
4294967279,537
4294967278,124
4294967278,115
4294967294,81
4294967294,50
4294967278,123
4294967279,250
4294967278,122
4294967294,88
4294967278,120
4294967279,247
4294967278,246
4294967279,243
4294967294,52
4294967294,92
4294967294,43
4294967294,436
4294967294,417
4294967294,51
4294967294,1016
4294967294,27
4294967294,25
4294967294,1419
4294967294,83
4294967294,93
4294967294,95
4294967278,391
4294967294,67
4294967294,1098
4294967279,236
4294967279,235
4294967279,357
4294967279,233
4294967294,82
4294967278,110
4294967279,229
4294967278,109
4294967279,225
242,7
4294967278,97
4294967278,106
4294967294,7
4294967294,22
4294967278,105
4294967279,217
4294967278,103
4294967278,217
4294967279,356
4294967278,100
4294967278,403
4294967279,212
242,6
242,5
242,4
242,3
242,2
242,1
4294967278,96
4294967278,316
4294967278,86
4294967279,306
4294967278,95
4294967279,335
4294967278,94
4294967278,385
4294967279,304
4294967278,92
4294967278,379
4294967279,204
4294967279,201
4294967278,398
4294967278,81
4294967278,311
4294967279,565
4294967278,80
4294967278,310
4294967279,80
4294967279,343
4294967278,79
4294967278,309
4294967279,300
4294967278,77
4294967278,308
4294967278,75
4294967278,342
239,6
239,5
239,4
239,3
239,2
239,1
4294967279,563
4294967279,529
4294967278,70
4294967278,306
4294967279,70
4294967279,531
4294967294,1092
4294967294,1012
4294967294,1009
4294967294,170
4294967278,69
4294967278,305
4294967278,67
4294967278,341
4294967279,67
4294967279,297
4294967279,355
4294967278,64
4294967278,302
4294967279,172
4294967278,405
4294967279,57
4294967279,564
4294967278,299
4294967278,300
4294967278,167
4294967278,166
4294967279,166
4294967278,367
4294967279,53
4294967278,164
4294967279,162
236,6
236,5
4294967294,1421
236,4
236,3
236,2
236,1
4294967278,298
4294967278,364
4294967278,260
4294967279,524
4294967278,384
4294967279,156
4294967278,359
4294967279,337
4294967278,414
4294967278,153
4294967278,152
4294967278,151
4294967279,552
233,4
233,3
233,2
233,1
4294967278,279
232,4
232,3
232,2
232,1
4294967278,139
